[[18.0, 279.0], [720.0, 277.0], [720.0, 305.0], [18.0, 308.0]]
[[732.0, 235.0], [1006.0, 234.0], [1006.0, 257.0], [732.0, 258.0]]
[[17.0, 232.0], [727.0, 229.0], [727.0, 260.0], [17.0, 263.0]]
[[948.0, 198.0], [1434.0, 198.0], [1434.0, 225.0], [948.0, 225.0]]
[[19.0, 197.0], [461.0, 195.0], [461.0, 224.0], [19.0, 226.0]]
[[466.0, 197.0], [961.0, 198.0], [961.0, 222.0], [466.0, 222.0]]
[[22.0, 163.0], [742.0, 163.0], [742.0, 188.0], [22.0, 188.0]]
[[1193.0, 162.0], [1317.0, 162.0], [1317.0, 187.0], [1193.0, 187.0]]
[[729.0, 164.0], [1197.0, 162.0], [1197.0, 185.0], [729.0, 187.0]]
[[239.0, 116.0], [440.0, 118.0], [440.0, 141.0], [238.0, 140.0]]
[[166.0, 117.0], [248.0, 116.0], [248.0, 139.0], [166.0, 141.0]]
[[17.0, 117.0], [162.0, 116.0], [162.0, 139.0], [17.0, 140.0]]
[[1050.0, 81.0], [1411.0, 82.0], [1410.0, 104.0], [1049.0, 103.0]]
[[540.0, 80.0], [1041.0, 80.0], [1041.0, 106.0], [540.0, 106.0]]
[[20.0, 79.0], [524.0, 79.0], [524.0, 106.0], [20.0, 106.0]]
[[23.0, 35.0], [183.0, 35.0], [183.0, 51.0], [23.0, 51.0]]
