[[394.0, 279.0], [718.0, 279.0], [718.0, 304.0], [394.0, 304.0]]
[[21.0, 279.0], [405.0, 278.0], [406.0, 305.0], [21.0, 306.0]]
[[20.0, 233.0], [1007.0, 231.0], [1007.0, 259.0], [20.0, 262.0]]
[[20.0, 197.0], [1433.0, 196.0], [1433.0, 224.0], [20.0, 225.0]]
[[515.0, 163.0], [905.0, 163.0], [905.0, 186.0], [515.0, 186.0]]
[[23.0, 162.0], [527.0, 162.0], [527.0, 187.0], [23.0, 187.0]]
[[901.0, 162.0], [1316.0, 161.0], [1316.0, 186.0], [901.0, 187.0]]
[[20.0, 115.0], [439.0, 116.0], [439.0, 141.0], [19.0, 140.0]]
[[1286.0, 80.0], [1411.0, 80.0], [1411.0, 105.0], [1286.0, 105.0]]
[[541.0, 80.0], [1302.0, 80.0], [1302.0, 105.0], [541.0, 105.0]]
[[21.0, 80.0], [522.0, 78.0], [522.0, 104.0], [21.0, 106.0]]
[[22.0, 34.0], [186.0, 34.0], [186.0, 51.0], [22.0, 51.0]]
